25
80
93
72
80
97
59
48
20
51
37
65
97
3
85
41
38
91
54
77
-21
-75
-99
-25
-66
-19
-82
-63
-32
-55
-84
-80
-29
-30
-93
-40
-40
-37
-88
-82
31
19
83
29
35
41
40
50
27
28
55
26
2
79
41
94
22
89
89
55
-96
-86
-64
-25
-99
-75
-18
-96
-90
-53
-31
-95
-30
-94
-45
-73
-52
-71
-32
-27
68
51
95
25
12
43
23
30
32
18
68
74
66
77
46
94
84
44
58
11
-94
-8
-26
-42
-51
-29
-29
-13
-50
-89
-67
-16
-95
-4
-35
-1
-73
-26
-26
-36
42
34
57
13
74
8
72
20
43
73
96
13
48
44
81
88
78
12
8
56
-20
-54
-26
-71
-58
-65
-88
-76
-62
-39
-39
-14
-26
-31
-46
-14
-41
-67
-12
-8
54
74
24
50
26
93
58
70
36
62
36
74
61
76
10
24
84
12
16
48
-58
-46
-50
-90
-2
-2
-85
-81
-94
-35
-75
-97
-62
-72
-66
-5
-6
-81
-84
-89
32
33
89
87
20
17
10
88
25
74
86
43
79
72
48
38
14
51
26
2
-53
-70
-34
-74
-95
-92
-60
-21
-22
-47
-15
-96
-55
-85
-4
-7
-44
-17
-53
-48
39
81
6
68
98
99
62
67
76
38
50
49
40
54
79
83
76
61
62
65
-57
-17
-87
-97
-44
-78
-2
-35
-3
-61
-20
-2
-34
-33
-70
-96
-20
-70
-81
-21
64
57
26
29
21
68
45
4
37
18
33
78
34
59
60
99
39
82
56
23
-40
-49
-14
-21
-41
-84
-49
-26
-23
-9
-48
-23
-29
-61
-85
-17
-23
-8
-78
-13
11
94
64
90
7
79
22
32
69
30
40
85
39
62
31
68
49
54
89
10
-41
-68
-64
-81
-70
-56
-21
-5
-11
-6
-87
-62
-29
-95
-96
-10
-94
-18
-12
-19
96
71
15
76
8
26
17
2
96
58
13
7
26
2
18
70
59
28
67
92
-85
-23
-83
-47
-70
-29
-91
-48
-96
-62
-48
-71
-90
-61
-55
-67
-81
-95
-6
-86
17
73
80
39
36
74
75
98
3
31
49
41
14
48
42
11
78
33
30
88
-65
-35
-93
-47
-80
-31
-27
-46
-95
-84
-29
-18
-47
-16
-45
-76
-33
-15
-10
-98
70
82
37
33
55
51
81
57
57
43
89
77
85
63
75
79
88
24
92
33
-72
-85
-37
-44
-9
-64
-35
-86
-43
-10
-73
-57
-54
-87
-23
-70
-47
-78
-67
-61
30
10
32
28
4
51
96
11
31
56
56
70
74
84
51
72
78
96
60
92
-88
-13
-56
-35
-56
-1
-59
-24
-78
-9
-76
-67
-40
-25
-78
-69
-57
-96
-67
-8
64
95
15
59
69
12
48
26
16
16
81
44
76
20
20
51
18
33
38
2
-20
-28
-8
-7
-11
-62
-92
-45
-36
-17
-60
-96
-95
-17
-79
-19
-7
-51
-3
-45
93
4
34
5
72
14
22
61
93
25
61
63
6
44
76
90
99
94
52
31
-5
-21
-62
-2
-59
-1
-79
-64
-42
-20
-58
-61
-30
-43
-16
-3
-43
-7
-44
-2
11
90
19
34
81
98
3
95
25
49
83
97
4
70
69
2
31
46
74
46
-33
-53
-93
-25
-28
-71
-82
-50
-88
-1
-39
-56
-60
-82
-6
-26
-95
-16
-72
-7
5
6
97
34
8
83
95
38
14
27
48
94
65
88
10
77
69
1
82
71
-8
-5
-23
-43
-97
-21
-39
-90
-8
-26
-42
-9
-34
-42
-52
-20
-74
-95
-33
-28
23
79
94
6
35
15
25
36
82
48
