25
80
93
72
80
-21
-75
-99
-25
-66
97
59
48
20
51
-19
-82
-63
-32
-55
37
65
97
3
85
-84
-80
-29
-30
-93
41
38
91
54
77
-40
-40
-37
-88
-82
31
19
83
29
35
-96
-86
-64
-25
-99
41
40
50
27
28
-75
-18
-96
-90
-53
55
26
2
79
41
-31
-95
-30
-94
-45
94
22
89
89
55
-73
-52
-71
-32
-27
68
51
95
25
12
-94
-8
-26
-42
-51
43
23
30
32
18
-29
-29
-13
-50
-89
68
74
66
77
46
-67
-16
-95
-4
-35
94
84
44
58
11
-1
-73
-26
-26
-36
42
34
57
13
74
-20
-54
-26
-71
-58
8
72
20
43
73
-65
-88
-76
-62
-39
96
13
48
44
81
-39
-14
-26
-31
-46
88
78
12
8
56
-14
-41
-67
-12
-8
54
74
24
50
26
-58
-46
-50
-90
-2
93
58
70
36
62
-2
-85
-81
-94
-35
36
74
61
76
10
-75
-97
-62
-72
-66
24
84
12
16
48
-5
-6
-81
-84
-89
32
33
89
87
20
-53
-70
-34
-74
-95
17
10
88
25
74
-92
-60
-21
-22
-47
86
43
79
72
48
-15
-96
-55
-85
-4
38
14
51
26
2
-7
-44
-17
-53
-48
39
81
6
68
98
-57
-17
-87
-97
-44
99
62
67
76
38
-78
-2
-35
-3
-61
50
49
40
54
79
-20
-2
-34
-33
-70
83
76
61
62
65
-96
-20
-70
-81
-21
64
57
26
29
21
-40
-49
-14
-21
-41
68
45
4
37
18
-84
-49
-26
-23
-9
33
78
34
59
60
-48
-23
-29
-61
-85
99
39
82
56
23
-17
-23
-8
-78
-13
11
94
64
90
7
-41
-68
-64
-81
-70
79
22
32
69
30
-56
-21
-5
-11
-6
40
85
39
62
31
-87
-62
-29
-95
-96
68
49
54
89
10
-10
-94
-18
-12
-19
96
71
15
76
8
-85
-23
-83
-47
-70
26
17
2
96
58
-29
-91
-48
-96
-62
13
7
26
2
18
-48
-71
-90
-61
-55
70
59
28
67
92
-67
-81
-95
-6
-86
17
73
80
39
36
-65
-35
-93
-47
-80
74
75
98
3
31
-31
-27
-46
-95
-84
49
41
14
48
42
-29
-18
-47
-16
-45
11
78
33
30
88
-76
-33
-15
-10
-98
70
82
37
33
55
-72
-85
-37
-44
-9
51
81
57
57
43
-64
-35
-86
-43
-10
89
77
85
63
75
-73
-57
-54
-87
-23
79
88
24
92
33
-70
-47
-78
-67
-61
30
10
32
28
4
-88
-13
-56
-35
-56
51
96
11
31
56
-1
-59
-24
-78
-9
56
70
74
84
51
-76
-67
-40
-25
-78
72
78
96
60
92
-69
-57
-96
-67
-8
64
95
15
59
69
-20
-28
-8
-7
-11
12
48
26
16
16
-62
-92
-45
-36
-17
81
44
76
20
20
-60
-96
-95
-17
-79
51
18
33
38
2
-19
-7
-51
-3
-45
93
4
34
5
72
-5
-21
-62
-2
-59
14
22
61
93
25
-1
-79
-64
-42
-20
61
63
6
44
76
-58
-61
-30
-43
-16
90
99
94
52
31
-3
-43
-7
-44
-2
11
90
19
34
81
-33
-53
-93
-25
-28
98
3
95
25
49
-71
-82
-50
-88
-1
83
97
4
70
69
-39
-56
-60
-82
-6
2
31
46
74
46
-26
-95
-16
-72
-7
5
6
97
34
8
-8
-5
-23
-43
-97
83
95
38
14
27
-21
-39
-90
-8
-26
48
94
65
88
10
-42
-9
-34
-42
-52
77
69
1
82
71
-20
-74
-95
-33
-28
23
79
94
6
35
-20
-19
-16
-62
-9
15
25
36
82
48
-64
-19
-31
-63
-89
